Total Packets: 1000
Recall: 0.9208103130755064
Precision: 0.9074410163339383
Accuracy: 0.906
F1 Score: 0.9140767824497258
